12
53 463
6230 3472
1906 3950
4949 1147
5609 3228
9278 9979
4019 9178
3794 8413
6726 2030
1795 4658
4745 13
7130 8944
8168 2130
1249 280
3008 6695
1440 6681
8032 4313
1111 3720
9337 2449
8594 7985
4126 413
5468 5475
2559 3189
3938 6211
1109 2874
9287 1801
9213 4323
7435 6659
5962 1284
1091 2694
7507 6037
9927 6057
8792 2608
2498 1106
1044 6011
8401 8074
3683 458
3967 1785
4036 8044
6888 9280
6094 2369
9647 4574
9885 421
2210 406
8466 2717
1617 4605
5245 70
9657 4870
8000 4333
7341 6494
7851 854
427 570
1735 7464
5908 9804
6715 5183
9531 6298
3670 919
8199 1527
8217 678
5480 3471
1850 2319
1172 2264
5565 4598
4978 8176
5102 6167
5729 2482
3887 3113
9382 5820
7035 3179
862 9533
9726 7198
2721 5446
4585 6560
5169 9222
1220 4003
7072 2917
5950 2059
6742 3200
5003 1727
1208 4693
7272 1797
253 3027
1301 1205
507 9597
7695 7102
8855 4051
528 9391
433 5465
1417 7185
1403 4227
3844 1322
1949 468
4423 5047
1412 4995
7816 4889
7834 7665
5053 9271
3634 9828
6736 8988
2565 6599
6079 8965
4605 3765
7813 6851
2960 8059
369 3071
2329 8332
8985 8636
9569 7613
7468 2898
506 7115
2727 6001
6496 7824
3925 6598
1968 350
4473 8300
9314 2660
3860 2694
763 864
5655 4441
5736 8230
1409 90
3505 3814
9523 1296
5377 3458
6310 1933
6337 7957
5699 9772
6666 5490
940 3125
3638 1148
5462 2064
7988 1589
1795 6784
7492 7411
4546 7452
191 404
1011 9875
3946 1157
8576 1341
4171 1931
2153 5854
4785 5784
3726 9146
68 7270
2401 2932
9067 3393
2822 5716
4966 5804
7021 2824
7090 5822
1081 4947
2121 7084
3488 5665
804 4809
5553 8239
6339 517
4549 7187
9591 1049
3044 4242
2370 6354
7953 8527
1431 6511
6946 9285
261 9786
5878 9966
569 7260
8807 6467
9913 8549
2804 7890
9157 6845
5574 2003
8758 3563
5755 8458
898 7310
4616 4383
9241 1191
149 7869
1928 2581
1915 8560
3178 754
7343 5835
6663 2293
6421 8794
7343 7003
9078 9809
2467 6376
6304 4709
7322 1723
7755 4598
5427 1305
7465 3209
631 7761
5251 7495
2851 7817
5499 2996
5017 1177
6992 6390
3138 1759
6621 9790
7611 5510
6743 8193
6170 6821
1043 5184
2683 5083
8702 4031
1878 7724
7917 2520
1418 7721
1899 1102
6436 1634
3388 9877
9856 695
5957 5001
3199 1859
3190 1383
7661 649
685 5633
6060 7857
4184 5368
1942 9434
6174 1197
2503 1337
2710 3402
4751 4777
225 391
8150 9574
2399 345
1362 4379
6732 5285
4095 1493
2433 9401
194 7187
6286 1900
63 3595
5619 5140
5012 3379
231 8139
9993 9923
9160 8008
4726 4599
6423 8434
3303 8588
2810 8170
2005 6610
8843 478
1379 8362
312 1131
8042 1243
204 9173
9136 4928
8430 3975
4101 5854
3640 6807
7003 9251
5655 8575
8441 8279
690 6069
4356 3227
1207 8111
6884 7102
3784 1936
7967 7340
9689 8599
9329 6468
7022 1410
1290 1994
5234 6042
5372 7989
7231 6782
2752 5437
7840 3866
6395 8325
7889 4253
5331 9623
1573 8474
8136 1887
3617 7834
5290 2964
5051 5431
3995 1629
2309 7212
2396 3406
5733 528
1484 7205
2432 5067
952 5395
815 3830
3442 4539
2819 9143
3995 447
5936 8965
7859 9082
9211 6619
6215 1973
7411 7732
6005 4891
1664 4413
8005 96
4466 2103
9496 3746
8319 6070
1001 6320
1880 1431
7726 2941
2783 6043
7514 4064
283 9981
1106 5030
8981 3254
1484 4585
1532 4918
5789 9417
4108 5563
9266 8783
4009 4645
6663 5389
4089 9341
1535 5166
9419 6764
7378 6530
892 4440
2030 6066
1217 5768
5000 356
8207 8959
8212 9074
7518 3391
2219 6584
746 6066
9751 8774
9336 6725
6542 9115
5232 738
9357 112
1988 10000
7225 6423
4033 908
1318 2450
1844 5943
414 7547
6190 8430
8651 2462
7469 8216
5886 3854
6711 2805
9884 3938
6330 6311
5828 7394
5190 4672
704 6976
7817 4496
1876 3252
8739 4115
5885 474
237 7882
5717 8740
7528 277
2221 519
8781 7006
4531 8364
839 6257
2386 1229
3960 5631
7317 7790
6015 7889
5630 8038
1808 3616
1276 5821
46 3035
1821 6951
5297 6208
5824 3986
9993 1508
9774 399
7632 2953
9277 4288
1418 9544
6386 4939
1351 3376
5456 2948
2024 8883
2323 8365
5819 8202
25 2584
8632 1639
6270 9971
3279 1230
1057 6672
8469 2542
5672 320
3549 4236
6088 9680
3796 7500
4334 7651
5468 2485
7225 8726
1909 2714
743 9001
7599 9214
768 7355
9136 4667
9518 3838
542 6216
245 4034
128 6100
2334 1959
886 5113
8357 4547
3678 4358
9784 7893
11 9981
2901 3763
6424 7638
7525 773
582 6791
6259 130
2528 359
9573 1787
5857 891
6455 6606
3499 3592
6841 5586
7436 4236
7637 8427
4879 3662
7933 5042
4787 3417
1076 9699
35 4973
2149 2973
1893 9521
7778 7575
801 2535
975 863
1876 5267
9664 1803
3032 2112
7409 947
366 3528
3672 9791
2891 1578
1384 5726
4650 4890
5967 7174
1401 6489
7027 5860
557 2286
2476 1786
8739 7581
6634 6032
6231 3787
2436 5105
7684 3362
8840 2812
4006 5601
1801 7748
902 7146
8807 4230
5165 721
2392 2429
8137 9103
4903 7402
5900 5367
3938 182
3 408
6962 2842
2745 4111
8214 6299
8668 5575
6665 8504
1819 7365
4788 4985
3814 5673
2788 9298
6472 2443
2468 177
6591 9304
5476 2572
8089 27
6256 3596
7282 8687
8683 8987
1753 6997
6608 4019
2338 7543
8391 8424
7391 1405
7282 7496
6482 4297
8640 7188
2777 9567
6187 8550
9890 9799
3335 2911
1422 9251
1879 4499
7743 1429
2083 1525
9585 123
6385 8525
8585 804
9782 682
275 3344
9031 2629
7506 3434
966 479
7716 391
6898 591
1285 1922
4566 126
8531 2666
6767 80
9753 2488
1504 923
2325 8614
5934 3135
7513 9211
7065 2281
9875 7712
4018 6477
9657 5912
5795 3065
894 4800
8507 1783
1205 7374
9200 1243
804 4488
9142 4289
8508 8572
1464 8811
5951 9123
6844 6064
7570 6177
5153 3993
4588 4840
3228 9968
6503 7347
1649 603
3752 6846
493 6275
3057 6150
7797 1776
2073 5872
8422 8518
1649 1807
7544 8905
8844 3808
1676 5961
5703 9617
75 895
1305 9410
510 6970
4407 8951
2434 7073
9423 9109
1467 4642
5483 6855
5155 7309
2167 816
6053 3453
3274 886
2076 8291
1305 6040
1568 4940
4485 1556
8614 4100
5933 2593
2810 1061
2212 688
9452 369
5990 6919
9000 9123
9261 4459
4402 251
1701 2063
5714 4670
8344 7874
7470 854
3127 4784
8232 5188
2121 9061
6232 8509
2105 8168
4618 4425
4217 2433
7888 6332
1357 8121
1822 5322
5208 6218
9029 7325
3551 4432
9750 4888
9187 8683
1720 8465
8300 3261
7974 6465
4830 4056
9395 7000
432 5826
7230 6632
1961 2767
9729 4392
5472 7989
3109 7991
1098 3179
1294 4524
3881 1655
9952 4168
4586 5537
4267 6342
7344 7776
1997 3219
9522 5541
2825 4143
8406 9016
7535 1305
5932 1980
6722 2612
7033 1589
7609 7643
9157 3834
562 9570
6531 1122
9658 8146
5421 6316
126 9039
561 3225
4916 6588
4156 3840
8558 9261
3838 162
6675 3722
7145 6735
9604 8543
2399 6775
9898 947
7282 473
5156 7850
6323 9561
6240 1533
9261 1644
2824 4187
7766 3829
9993 8796
9948 7952
6229 7805
2433 9900
9257 1795
966 227
6542 564
230 9631
6377 5610
7128 9679
9728 7167
5401 8979
3571 3703
5956 3301
5490 1189
5883 8192
4319 9078
2741 1286
6472 1017
1061 1925
7040 7207
3288 9250
4693 2589
5123 3503
4877 4112
3353 8952
2448 4141
8261 3640
9502 6432
8809 467
4285 5670
2164 6462
3640 2723
607 7082
9575 872
5623 1569
5051 1523
1223 9157
8749 7493
8025 9030
855 7696
7819 123
4540 5105
38 8633
1225 7396
7230 6171
4065 4066
4110 7753
7609 2757
1495 7378
2581 9482
5569 681
5437 2368
4236 9820
9716 2312
2074 772
1314 5334
7086 7950
304 4717
7292 2048
9432 585
1465 5432
1109 1047
5259 5209
7926 896
3935 8655
1661 751
6396 8447
8924 6432
3788 3636
7045 9140
9110 7327
3134 6153
5038 4670
6855 9873
4287 1751
3378 4811
2088 7594
9070 4694
9612 7457
5317 7760
8491 5749
6453 9843
4984 9048
6650 6443
9681 7583
4100 3232
5609 7672
5976 3929
2379 7154
4243 4305
4722 1530
9233 7950
4446 6223
2561 8204
5574 8729
3443 2027
1133 1906
7727 7303
1858 8583
4519 1993
9000 5343
9634 9174
7517 2636
5956 629
3765 9374
321 6682
4806 877
2549 1647
7932 3237
7485 6898
7858 4618
1265 3207
1247 3320
1614 2201
9121 524
1749 9574
3662 6132
8890 5606
5738 9460
4968 7723
8009 4563
4007 7316
6078 1571
7718 2611
1826 2074
3951 349
3416 3708
7847 8796
1590 8893
5926 2053
2279 9002
9872 8133
9185 4039
305 8776
8835 7480
56 8718
4612 5557
3551 4956
3718 6790
7092 9154
6281 699
5675 7543
5133 8581
9668 3927
4151 7935
7164 8621
1988 4724
166 2722
5050 8164
9571 8945
1506 3241
4657 1417
6557 4269
8775 7415
8695 1165
3017 4990
1411 7982
8933 4609
2902 5198
3799 5956
9188 9548
958 5534
5108 9767
9254 7144
1083 4082
8083 4029
1101 7532
2767 5265
4387 2037
3879 2677
4859 1138
1995 9718
9346 9096
1674 5053
3829 3341
2342 8877
4253 123
8321 9302
174 5313
7015 1322
9549 8884
6445 3393
3899 3917
240 5779
2293 8059
8597 974
6640 5569
3691 3924
3715 5849
972 328
9450 917
3394 3655
5565 7382
1912 3775
9802 7375
6658 1034
6525 4553
5208 8542
8136 1923
7383 3928
7120 1083
4749 8683
1756 2889
6786 2644
695 3847
9916 7769
3662 5415
2969 2586
3796 9305
5492 5569
6559 7979
4412 4042
9490 4502
10 4768
8612 1124
9388 7856
5618 9109
1989 9493
3183 7078
2318 9934
1347 5416
3209 2130
6268 4748
316 4160
505 9725
2636 6069
3858 4000
9561 1412
5232 1305
91 226
3845 2745
8199 6262
4288 590
4597 293
9446 2663
7576 2680
6046 6113
8931 6388
2949 133
6257 2815
6634 706
3515 9032
9847 511
5006 650
4293 2657
6777 5047
8838 5616
4873 9532
9421 8997
9460 4659
4279 5364
2088 2214
1421 7641
7816 1025
3898 586
7450 1462
5032 1714
5254 1861
2916 7588
7896 3550
6363 1736
8303 1399
1665 6918
8241 7806
6035 2325
2116 185
6607 8140
8755 1913
647 3603
5805 4773
861 6198
2365 6914
5217 2131
2446 8297
9755 9646
1206 3929
9313 3461
9639 4638
9830 8565
9137 1432
278 4742
7460 379
7571 890
1948 7839
9341 5658
1820 5048
8455 3469
466 8002
5252 4162
3980 6316
7185 5476
627 1003
3491 7726
1969 3706
8284 6570
493 8077
5794 7108
1059 742
5834 2150
8122 2917
1106 7819
4552 498
4701 9929
9917 9328
5699 2352
9449 7728
4351 6936
9197 6561
9907 2526
5175 3978
3062 4622
395 5738
1979 9363
8816 4383
9377 9118
3732 5539
229 2554
1917 6398
3750 1993
477 9440
7846 5114
4844 2615
4733 4660
6561 4924
1583 7550
1873 9735
2565 1969
427 6467
5502 9189
2274 5771
1645 5157
2433 8943
7897 8737
1786 9425
414 9039
7556 4514
244 1226
9768 240
9374 9240
322 6167
7605 5630
7717 1844
2270 452
3744 4047
1433 1512
7659 9155
6937 320
3668 5513
2408 9990
3067 9537
7602 7644
1907 7310
1402 9990
4879 9420
3264 8928
8698 1005
4757 2990
8960 9837
4107 6124
9358 2894
9206 1457
1753 7828
363 5569
3105 1109
2073 6960
1616 1544
1136 196
4724 3587
713 2893
5576 5762
5684 2397
1806 456
9691 9180
1416 7651
5642 6302
9147 241
4528 3776
9845 6013
9798 2545
595 1399
7889 8938
5217 3129
2422 6311
2816 526
3832 9515
5151 5017
3803 4750
9517 3044
2104 2916
8989 4053
846 9367
5546 2370
226 8100
8842 5904
9980 181
5333 5213
9845 6024
2784 5045
5617 1774
9691 6924
8341 1235
5897 422
1881 88
682 2827
5744 3117
5371 2170
9017 5310
9900 7784
7664 3790
1765 3205
443 2411
7794 2115
8097 841
464 4182
7847 9928
3100 9320
9604 4289
704 8010
2684 1644
3649 3931
6990 648
8981 1482
8490 6809
869 5545
9194 3368
7200 9299
64 6108
5408 8091
6876 781
2951 3766
5565 9411
1267 1234
234 7752
6247 7669
9665 5076
8104 7148
8481 4060
9375 9981
436 4576
1283 5077
8297 8464
9214 1097
3276 5786
7784 187
5158 3205
6353 7195
5332 6002
7546 5444
9018 4715
142 3879
1698 4547
9050 7728
3396 9448
8532 7027
6785 5449
512 9577
15 212
7012 3035
3903 8272
4061 5838
5681 4980
9051 9260
6324 190
8486 7899
4957 7894
8990 9528
1986 9202
1390 3823
5099 2236
4292 450
5524 9109
6978 6886
8853 565
5835 7024
7400 3680
3947 8674
2967 7012
5541 8069
2406 483
1513 9253
8830 8748
1440 5623
5059 4133
2288 8795
682 8687
4055 9192
508 7488
6490 4906
923 4384
7666 2658
9594 9934
2223 8009
9228 965
7273 5710
1153 6734
6218 988
6334 4189
6891 6834
1047 8476
4152 2027
8694 2254
8564 3523
6453 2559
631 1172
7408 6166
7629 2287
2335 1620
9378 8066
367 751
5177 6790
8517 1193
8826 7644
9843 4993
1293 861
2621 1760
9281 3657
1558 5610
9831 8219
7502 6843
3758 9928
6890 2096
3700 7064
1695 340
4083 410
8937 1455
4021 5420
3502 62
5696 6875
7369 7045
2379 892
5298 1105
2747 373
5076 6791
3475 6463
5223 5733
3685 8942
3609 4355
26 2036
6947 8493
2642 9170
1619 4813
7728 9140
145 2075
6396 3853
7650 3143
5183 8088
671 8878
8466 13
2124 7877
7227 9251
332 2996
96 4510
2184 9670
1340 3405
7397 2599
4447 977
6524 4239
2619 6919
5385 4192
6532 277
6140 9326
6148 907
9200 304
9562 4482
1293 1770
8944 6266
9295 7738
7305 7003
4967 5576
4965 484
1489 8881
4854 6486
1064 5394
2935 488
1977 2667
8973 1481
3886 3386
4602 5966
1404 2616
9823 2728
1763 83
9129 7519
1732 6031
4999 6166
1506 7432
4146 9819
1163 9875
1074 2627
6010 3357
220 2786
332 9800
5139 2298
3189 5556
3483 3568
9736 3699
2207 7033
5004 3540
5187 736
5059 1862
9183 365
6921 4510
9443 2390
8098 1750
3212 3199
2201 7587
3357 9316
3437 9370
6209 9713
7676 3244
4159 1819
9009 1942
8461 3989
2517 3677
4610 2603
9432 9254
6650 2408
8749 2888
900 3279
8726 1992
5210 2180
1689 7164
5820 3128
1661 2291
8495 5723
8597 6311
6806 6316
8191 3264
2334 107
949 1914
2346 9978
8648 5120
7523 9422
4068 6233
3071 8930
4225 5503
5643 6487
3974 9887
4300 5609
998 9695
7953 7959
8983 1281
1850 3175
7553 9639
1272 5779
2646 503
7889 924
2627 6259
7817 108
7091 2631
259 9996
9793 3950
7782 1981
6731 4591
1627 4295
5794 9758
9482 512
5840 9725
4418 5292
4435 2001
7734 3722
6752 6264
1147 6168
7127 838
5500 7090
6581 588
3366 6564
5345 3952
5487 2788
8678 7383
5 104
7889 9584
4691 1795
1900 7537
9202 4853
9612 2274
4737 5767
9802 5781
3136 1192
2112 27
5091 7085
1609 8122
1131 1728
3795 4213
288 4367
6226 5874
6345 1163
2559 117
3855 3480
5278 2492
2250 1094
9190 7201
111 9001
348 2769
9608 3497
2248 13
2762 853
9910 7682
4287 1491
1565 2552
3865 3403
4865 9406
7607 1227
4888 3812
6272 4319
4261 6075
6269 7755
2717 759
3104 457
8478 5117
1643 5152
8263 4762
912 5448
8119 1779
8502 7094
9283 9065
7727 3820
9591 2719
4860 9048
6394 1348
3959 7856
4004 8974
5237 541
667 3166
5454 6955
9915 4267
6838 9118
6465 3241
2350 451
2940 5378
3020 181
9692 6608
336 9576
4156 4357
9646 4179
36 5345
6213 337
1048 6810
2348 5877
3431 4904
3139 131
3118 6170
508 7939
3592 4885
1947 2756
1217 7969
6952 7149
9051 2488
1905 7451
1777 7531
6768 9274
6716 5718
2940 9851
701 3744
3234 4891
7978 960
9180 8297
425 3525
6330 8117
7570 6727
1774 4458
8227 6862
2882 3331
1377 7302
5082 40
6241 1493
5455 941
3187 4451
9063 1858
6404 6621
6011 2025
5467 2529
9091 8757
9643 2070
9596 6278
23 235
6500 1008
3507 8864
8181 7196
4139 7893
5510 9992
9655 979
1037 3455
4835 6156
9798 2190
3754 5934
6406 9220
8645 5201
4345 2829
7848 2159
2225 2531
7205 567
8746 4365
7908 6692
1657 3001
3018 3143
5356 8969
2971 8925
4100 9032
1483 9859
7855 7625
8947 6883
8204 4002
5964 7214
7927 7400
4374 7395
4464 4363
230 6284
1918 4127
3933 9989
848 7755
9121 1504
1652 3830
1693 146
7003 9242
1890 8040
7520 8229
5237 8773
9581 57
3785 2078
1399 1371
2699 8379
1062 272
3006 5159
1819 62
2033 3533
7001 9628
4999 981
5675 425
7637 7962
2894 6623
4274 5100
5716 206
2372 503
841 1838
682 9768
7383 5138
3881 5651
4283 4429
4039 4223
4672 7745
1576 1453
7503 1847
8789 1016
1716 8230
7437 5877
5384 8820
604 1165
1819 6818
6017 6591
657 3608
1089 8068
7578 7960
2654 367
2869 3654
5387 4392
9454 3178
9847 7893
5185 7564
3069 4646
7780 2579
255 7613
8399 7276
8103 7134
4928 8808
451 7545
8335 3658
2647 2805
6917 2200
890 2931
3865 5903
4243 333
1674 4605
3245 6369
8953 6996
4476 7808
6588 5188
279 1947
3805 5083
6046 3191
5572 4540
5390 9366
8231 6282
1774 2123
6028 1208
9480 6982
5679 1930
407 7346
246 5089
8930 4507
768 1778
7842 115
79 6272
9968 4386
5444 5678
378 6974
2470 651
6214 4672
4217 8419
5288 1571
836 5402
5512 3863
5864 391
5920 1494
5922 3444
924 9472
7034 490
587 3514
5841 2525
3267 6712
8801 1006
7337 3545
7818 8382
8270 8170
1780 1283
3836 6329
1884 9361
3928 1646
6454 2184
6152 1501
8023 3621
3215 3870
5987 885
6499 596
9681 749
4013 5180
1811 2802
786 7673
2864 3319
3856 5742
9020 7648
7027 8263
7750 9134
1147 6852
8265 30
9348 5744
618 3607
8634 3832
3594 6300
1954 4711
4000 9255
6047 7473
617 7885
1957 2522
820 4217
969 4325
3598 4674
3754 8723
5993 2425
6848 3113
3941 638
2738 4920
7216 9449
9610 446
6474 8985
7017 1812
2804 7034
3688 9116
4699 8538
3260 8382
3640 2623
5128 6476
2921 7613
6612 3110
1529 5525
2937 8393
2910 1484
5772 3371
5715 7465
1623 9409
1854 8238
3842 3261
5147 985
1723 3864
5994 7429
3106 269
7975 7279
2593 3009
2772 3990
6482 2673
3619 2166
1940 4908
8256 5983
7663 6521
8071 2801
4613 1755
4708 3832
206 1472
1476 6277
5537 3763
4214 3864
9894 6726
5891 8196
4242 5695
9454 3275
1077 7672
4813 1419
468 4483
5929 296
1465 254
1000 9932
2694 8841
5499 6152
8648 905
7043 7639
2176 5642
5462 6023
7172 7707
8460 2328
6821 6189
6226 7310
68 464
8052 4422
7314 4694
7482 3375
4868 9030
9891 1808
901 6795
986 5460
790 682
1459 2089
2623 8063
6606 4891
2798 5044
5969 9047
3541 4432
6085 219
9979 8449
6323 603
1359 5241
1211 5919
8307 9091
9264 9662
3790 5019
9802 6722
4734 4168
4721 8826
3974 4318
3719 821
6735 5683
9874 676
4344 1785
2689 5141
9646 9556
2125 4025
49 1033
2218 6715
7572 904
1331 1144
9066 5728
6985 973
2375 2851
7850 3276
2418 9485
7945 9673
7782 4551
5676 7607
9516 3331
1224 1786
4844 1155
2122 9837
5167 7568
6557 9455
9300 5015
1826 7632
8224 2528
569 1445
8136 438
1687 6409
1320 9096
4922 5549
5139 7869
2046 7083
7134 4618
5550 6933
7932 9055
4000 7214
3413 2398
3184 9656
4107 5228
860 1742
8689 9951
6153 4503
3527 2685
9934 6944
4678 8683
433 7038
6095 3735
6934 9763
9730 1152
2683 5154
9155 6851
3874 3924
8666 4408
354 4126
158 804
8718 9568
2189 1905
9670 2543
3432 9344
8341 5672
1223 4278
9017 1363
5093 429
2090 5696
1876 1157
3241 8451
6643 4739
9584 1852
8986 7010
3747 9058
4605 5068
5419 68
3932 7401
5075 6503
9085 8291
9471 1700
469 6685
6107 2140
1943 294
2890 3799
6026 4147
7115 7717
1966 7453
4057 3514
4649 7172
4035 4240
124 2998
8535 2276
1616 7367
4872 7384
1156 292
1480 9819
4351 4262
8174 18
9865 9682
597 6857
2361 7218
9183 9352
979 2101
9529 9369
4044 7111
5642 3087
6339 5379
6938 1766
5005 7234
3483 5332
8556 1256
8977 773
19 1371
5946 6225
4814 8462
7379 3845
3676 1579
6216 4773
5212 8355
141 3980
6362 5766
3386 5663
6328 6109
8996 5040
5595 7683
5596 5967
9145 1749
8600 7965
5010 7047
8092 9392
5530 2723
6863 6672
5768 9605
6756 8681
976 72
1400 381
1298 599
6269 7739
6003 697
8505 5207
40 9274
8116 1719
6280 8855
927 8276
5298 3770
6190 788
7699 7056
1190 9580
8332 8280
1332 871
1885 3805
2638 7844
8766 6699
9016 1459
1960 4878
1514 9020
8249 5249
2389 162
5162 1910
1779 400
3922 5358
3083 3211
7336 705
1479 7835
4022 3096
6945 4621
6095 6171
3269 6403
711 6013
7467 5856
2234 3545
9044 5875
5472 9673
2070 7494
3280 6506
7963 5799
5957 7234
2854 18
4783 8162
4226 5603
2796 2377
1737 7982
444 551
885 2387
8351 403
7610 6973
3331 6885
1943 7439
9657 7772
8459 3001
3923 5713
4717 3090
1554 7609
277 6035
9962 4081
8086 4561
9342 6588
3159 2805
2270 1633
6336 2040
6274 1418
7638 9623
7311 9893
9194 2389
5025 6862
7476 6573
9928 2613
4694 3065
1736 926
3940 5873
884 6973
4470 5544
6501 5374
8051 2478
2282 4635
7067 9397
8776 3574
4608 9562
9791 2091
2724 1587
4542 1749
8929 3106
1654 1252
8302 6418
2897 2692
9621 3369
4522 2459
3627 3458
9482 7640
4006 8729
7920 3310
955 5801
2930 1013
3285 405
5118 1284
6562 2580
2703 8033
3863 5495
6327 1658
294 5044
6744 7724
6920 8295
780 6335
6399 2445
2458 7429
2652 5345
4237 1009
274 4019
6022 5106
7162 4795
6799 6729
3594 4026
5967 9218
9197 1351
4964 565
3799 9926
9824 6297
6858 3638
2555 6171
2668 626
6377 3725
1141 8002
7766 2986
2707 1218
9378 3628
9657 3281
2448 4988
222 5108
1031 9475
1552 5534
6438 8524
7908 46
2480 147
4380 6916
55 9326
976 2732
653 6508
890 8416
3088 7294
5316 5325
8674 7443
3685 2454
9437 6562
5872 9591
8543 8927
8278 2585
7551 441
852 8681
619 9525
8213 4033
2895 2599
8549 879
2710 3704
7686 95
3518 1653
9283 4648
416 22
1685 8138
4977 8316
3802 5469
4073 3986
5194 4409
4028 8283
9749 4172
2827 9603
6503 910
4056 9442
4794 7193
8004 1950
3263 1282
2093 8978
1144 1376
4316 7788
2479 3510
5744 1946
4498 2450
3710 8652
4622 3550
1997 1938
469 4593
9544 6633
4940 9327
2564 4166
5871 2935
9669 2301
1617 6537
6292 8846
8218 5176
2577 2235
9284 6947
6611 1509
4100 1240
948 1698
7833 2463
4196 1711
9994 4995
9971 8008
8086 6453
4747 6703
148 9377
4315 9251
8922 8149
4808 7948
3725 3662
8862 236
1784 9418
3184 9732
6985 3133
4713 6026
8575 9120
9070 4242
324 9669
8408 9199
6464 1597
6075 5419
8124 1703
4817 8819
4806 3059
6274 1454
84 6593
6479 9062
9086 9146
5409 8995
1734 3243
4295 4452
7672 5119
2442 2795
3176 4102
7308 6819
6060 1862
6366 3518
8540 1658
5968 4012
7861 7776
8849 8649
9562 857
1851 7323
9208 5738
3373 4881
7921 6362
8268 1738
8289 3329
8980 5223
8781 3711
4333 785
9604 993
3439 7351
1913 5595
2436 2392
2281 3748
3664 1529
4700 1319
3224 1132
5634 2917
9762 868
5106 1876
1654 9550
5965 47
6039 6120
6920 8758
1416 1365
9253 6796
2284 8243
5588 2815
1398 2390
5814 7569
3558 1916
1714 2199
1026 5645
4693 7588
4720 7038
1321 9196
5375 4266
7794 8723
155 1992
4085 1935
2967 2350
1878 6773
1483 7839
402 5902
5957 1341
7376 2989
2545 8404
4501 1388
3621 2358
5794 9941
4205 7006
3523 5242
5048 6890
3141 2553
7311 3628
4303 4777
2860 3824
3825 952
7765 8575
4108 3119
9370 9914
5442 2207
6875 4229
41 482
8417 4425
8593 5136
6198 4822
6012 9409
4098 1878
5529 886
9850 589
1110 7417
182 7974
4486 4619
6030 7031
8507 6520
9731 2223
9614 88
3613 785
7383 8617
9109 7118
4221 1153
6598 4738
51 8052
5175 6920
4 1430
2677 449
4305 3501
7376 3365
7408 2778
9313 7029
9961 1722
6768 3231
6708 9187
5447 5770
6013 1608
440 2984
1153 1489
6265 6658
7239 8859
910 2134
5522 3087
8267 1973
9501 40
9981 9415
8668 685
4975 7393
2373 8901
2163 7389
821 8575
1468 8395
3272 2962
9268 8840
6764 721
7659 2876
8497 7004
9016 1004
9263 1528
1775 6373
4691 6788
2065 7612
8818 9399
3358 4444
7662 7743
3931 940
3008 9169
7629 6919
7756 6038
6373 319
1520 6622
9897 1539
2338 2806
2233 9514
1624 2249
6915 9647
1366 3284
7383 8440
3855 4953
1043 2779
6844 2411
1 690
4045 7346
1995 5953
6098 6898
7159 2642
5385 4756
8113 9480
8680 1067
1178 4931
0 5066
5273 3361
7998 8199
925 6053
3763 5265
3083 8358
2448 1202
5450 5928
5638 8599
4896 3257
8034 1589
3675 8153
9276 4983
9485 8382
7525 247
260 7962
8438 5986
396 1763
8836 4940
4552 7388
6218 9551
7111 4170
5817 2562
6702 4932
3951 8614
4591 4764
340 4180
441 4888
3759 8273
6625 8086
9321 5786
3031 2439
1445 8280
3111 9131
7302 2681
5328 2537
6180 1167
7467 3270
8502 9502
2721 6837
3914 3456
2963 7026
2824 6184
7633 9098
8080 2239
8760 8234
4231 4569
3709 8554
1382 9522
4316 5049
4084 4245
8730 5865
419 1844
2558 5777
8138 4507
657 9485
4007 488
1150 3752
3367 9014
3692 3743
1680 5247
850 6236
9946 2966
6799 3628
6547 9563
6765 8074
524 8277
3575 2678
3484 9473
8970 9081
4008 2407
2987 4075
2637 6168
1283 3188
5928 9288
3271 7882
6885 136
4372 2158
1660 5911
8209 6916
8135 2119
441 1355
5951 7318
43 6916
8259 3057
5079 2931
7077 4134
7876 961
8614 4197
8192 8925
3004 8306
1900 8665
5853 348
7277 7871
7518 1899
9416 4723
509 3161
6664 9859
2552 3999
4603 8209
1836 5220
4806 2000
3673 2942
511 2721
7006 8005
507 6134
7074 5943
4709 7189
3955 3936
2071 4988
9998 1026
7780 2142
4668 8585
5041 7119
3356 8887
4025 262
5288 2389
3114 6748
6517 508
6200 423
247 3830
8204 1431
7166 6314
9206 9283
9293 6471
4295 6129
8995 4688
3024 9856
7369 5837
8538 3280
8619 474
6146 6495
6300 1696
8202 7779
7319 2965
9197 9746
9207 6660
3012 1735
8294 7453
5285 3053
1686 8384
9844 4983
9163 2379
7723 2276
7109 6138
1661 254
6984 5091
3418 6992
7646 1522
5146 6595
4014 9070
1847 2186
5897 7192
7748 8735
7611 782
3034 9491
6843 8885
9311 2556
8363 4703
3387 3464
8100 5650
6506 1517
7395 7277
8382 5457
7084 9221
5304 3924
2951 4757
9093 8196
724 9189
1824 9391
4861 2289
4809 3572
8498 3566
8472 6555
2823 8467
1364 4976
3730 5644
274 8580
9559 6009
7899 2092
4856 3122
6046 8581
6948 954
6567 9982
9253 2802
6554 5353
5413 2895
9501 6845
7914 9926
4686 1776
1869 2456
5560 7398
8024 3632
5836 9377
3412 5568
2974 2596
9667 6504
7496 2875
5343 2314
63 435
4268 323
3253 2044
5511 9473
1460 2967
6153 6069
9538 9602
3559 4292
1402 509
2707 9454
6601 3968
6498 8333
3038 6930
4998 7752
8977 1083
9636 6655
1814 53
3968 8059
5629 1840
2861 9234
8650 3006
826 1993
5123 6983
3896 1502
2361 6714
2092 6437
5623 4407
161 1895
558 6626
2771 5660
7031 9865
8550 8800
5892 7704
2112 7034
7194 38
3324 7050
7422 6824
9970 7807
1048 2083
5822 5695
8252 7040
3564 8989
199 2411
7771 3078
5073 1244
612 8965
9237 5314
6912 2432
9643 1810
176 6067
613 833
3654 8748
6494 9363
2639 1182
1724 1529
864 2495
8054 4292
1010 4028
4435 9336
9774 2768
595 5097
8513 1724
2554 9072
8398 2259
9357 9902
1360 479
2161 7676
4399 5077
4949 4327
5860 4754
1102 3329
3765 855
1460 6582
7022 6170
1558 171
9096 1254
5458 6437
4216 1941
5291 4045
4078 668
2570 421
224 4924
4247 4674
243 5422
8695 3408
39 1073
7341 5928
3928 4130
9645 7704
8963 5711
3981 7034
5284 3641
5554 7285
4919 4559
362 2382
7765 2328
8317 2176
300 4631
5603 4297
2916 9922
4236 4385
8853 1616
353 8852
5081 1206
5315 8701
1985 6034
8568 6992
3718 3757
7742 8836
415 7600
9047 8665
810 1067
3601 2436
8800 553
2879 4010
3700 1112
4477 5270
3642 7941
5650 6835
6974 7190
8336 1641
4057 2926
950 8401
7934 3830
8411 3733
8570 2072
1282 8349
3602 5801
7322 5522
626 8983
9776 1254
4267 2395
4600 9109
1193 5921
7421 4854
1285 7236
3082 1444
1381 3524
774 4643
1781 8818
2648 4468
2718 4563
4962 5543
9506 202
7887 8835
4673 1752
5901 7872
7056 788
2383 6393
5782 7142
9375 9410
2537 7408
741 8235
6971 456
3220 515
8593 4279
8892 374
6330 5918
3311 2439
7300 232
3631 741
1932 9494
2539 2624
6381 2433
3126 1508
242 954
9755 6872
6180 3602
1592 1181
8763 3908
559 9804
69 5510
5361 7867
3724 3296
1132 4598
8637 4186
1473 9339
8788 9828
3788 8421
8252 9714
8262 8348
5576 7144
6041 5276
106 1312
3204 4428
5445 6670
1740 4471
6829 5309
7812 5353
1199 190
3281 7942
914 8023
54 8733
4447 4791
985 5212
4326 2713
3333 9148
6884 1754
36 304
8892 737
4570 9254
3160 5284
6079 9216
8531 8276
8213 5431
5071 2464
6466 7956
9479 5775
5259 1352
9531 7469
1444 5161
1040 5004
7323 3940
3922 6299
7214 8280
1106 9324
8543 3164
546 3394
545 6428
2654 6418
7787 2882
9278 5504
1427 6325
8666 2386
9281 4572
9288 4523
1534 6320
3064 7464
2353 7738
8904 7648
9840 9264
5657 9028
2786 3294
936 74
4613 4758
8079 7068
6392 2841
9292 5405
5454 6451
2378 1568
7837 6122
1870 3770
7243 8800
2998 4022
5881 1999
4421 7379
8199 3704
3115 1919
9572 4702
4064 7370
9204 2384
2170 2469
6353 5048
7557 4127
3188 4548
123 779
4804 8321
2687 1758
7920 8572
8330 5328
1657 407
3424 1341
26 8885
9600 9834
6606 8157
6379 4905
9079 6584
3407 2203
9494 6835
8079 5465
5390 5986
7024 9109
5000 5553
5054 5042
7447 7988
2957 6881
5563 2259
8727 7590
825 2578
4669 261
5123 8049
4337 2765
5964 690
2718 7197
9836 1540
7546 8333
4454 3344
5009 6605
6345 3670
4497 7669
6119 2671
5439 4706
871 5571
6462 6909
4536 5091
8391 3921
8694 3248
399 1615
5398 3942
3407 7492
6659 1370
8873 6453
6605 1671
5558 1844
987 4653
2678 9933
7595 5793
363 4804
5059 7511
2398 1888
9957 8013
9975 1569
5814 3929
285 2004
3013 2686
2912 2182
9350 3665
5757 1070
7364 6027
1327 6274
953 5709
6902 4550
4645 8801
135 6919
4752 7225
9560 5719
2167 4966
961 6763
2804 1044
164 4322
4016 3611
8598 3657
1395 5206
7891 2236
2157 1773
1763 5336
6459 4291
3747 4151
4528 396
1226 9150
5048 5609
602 7504
3244 7753
636 7151
8517 3540
3027 6345
2016 3414
4999 1058
6557 6696
9620 3692
83 3787
756 2549
869 867
3633 7979
3008 5254
4241 6428
8837 9219
5287 5820
695 7505
6039 1538
8599 8127
8841 1632
2857 4487
9130 3455
9200 5515
2949 6699
1989 5693
9898 5917
9510 4426
4648 3682
3222 4426
1204 3318
4202 2082
5755 8802
7702 7466
652 4666
9410 5989
146 3354
537 3248
5920 4011
5530 9854
9200 932
8493 3587
1571 8407
9343 9398
8208 8988
5584 4706
7036 6705
3901 342
1959 6155
594 5014
3384 2666
8439 8375
5672 4034
9590 1904
8268 6815
8760 3106
9440 4403
1263 4620
9804 2879
6579 8753
5230 9692
1658 3328
2103 3669
3761 8470
4435 4436
2273 1755
1744 7217
4811 1843
7096 1235
9337 7385
206 7271
9492 907
7909 7659
7466 3779
6837 1057
6788 1738
5527 203
8227 4588
9715 8438
9067 3588
5830 9082
3789 3384
4547 3929
2697 5441
8641 9624
3757 5158
7448 1787
438 4426
7000 528
7641 1501
4096 3605
5202 1303
8488 2319
1032 5302
2163 1217
8902 7151
6138 759
8744 8060
302 3372
9816 9911
3803 9100
4347 990
3723 7206
4130 1129
4251 5092
2723 9361
3331 3130
7631 1343
430 4833
8579 1420
132 8074
1362 1988
2079 8603
9168 3749
7138 4946
6378 401
5726 5393
7268 9095
7435 3094
6787 2256
4364 6878
3415 2461
8657 12
7843 9350
6868 6592
2494 9912
9418 3853
6356 6017
3463 7031
9192 9942
4550 4060
3501 7680
7525 8494
5899 1818
15 4513
5893 7803
3267 1863
6817 5826
8503 8148
1852 5005
505 2955
6034 6384
2447 6859
9870 35
2414 1950
3692 3858
6151 4263
5651 1252
285 6478
3286 5772
7955 4142
6536 1456
5823 1663
9901 5154
3228 5401
2054 4624
2393 6076
4916 254
3621 6552
3925 8968
3067 3488
2237 8043
87 202
349 3829
2473 2822
8435 5364
5512 9846
3198 6125
7782 2712
5464 1730
9100 4668
1681 8234
2798 6127
1959 8355
3109 1199
7971 4463
5667 9884
3839 7643
9802 6528
9484 1746
1523 489
883 6288
5447 5151
9089 8416
8682 2943
7374 7773
9193 1810
2570 4654
7068 8194
2382 7627
3018 3728
3393 6414
8759 3357
7800 9879
8542 2605
5307 3984
8748 4815
3614 7108
7990 1536
1173 4097
3254 1386
5857 2940
8839 1662
2697 2793
5230 6399
8631 4095
2110 5092
7136 1460
1644 3709
5928 4269
8243 1182
5107 1026
5833 6631
3883 1615
3931 5661
4962 2282
839 1923
9757 1627
4229 3127
4700 6968
7658 6718
2748 4884
9631 8559
9083 7696
183 5538
4014 5597
8714 4122
2437 8015
896 1886
4581 4991
878 8632
9608 9634
1491 3993
7897 9370
8202 402
7996 6313
303 6076
7278 5130
1285 1328
1470 5810
6864 4349
2842 3261
2199 735
5055 9669
3220 7307
4860 8765
6765 8101
2629 8669
4800 3518
3723 4306
7222 3257
3844 3467
9398 8301
134 6212
6557 1793
3728 9052
9626 797
9290 1232
2904 5819
626 7845
4642 530
8 5736
204 1126
2805 7219
5752 8427
3202 5177
6173 2504
3778 6358
1249 9879
2648 29
3212 4818
3294 3911
9623 8113
1983 9255
2742 8630
8429 4359
2132 9042
2589 4946
738 4040
5334 3209
312 4069
1357 70
6332 3900
5731 7165
9801 4611
1792 2030
3295 4
588 3207
3746 3757
8695 3697
1924 656
3443 8112
9546 9073
5171 1329
3320 5619
290 4626
5431 1231
8321 5386
3837 42
5073 3091
2089 4826
5299 7421
5686 8166
2669 1057
618 3790
5265 6223
2078 3233
9814 5491
3049 7150
3408 3083
7138 2345
8718 1604
460 7538
6398 6632
453 4716
1901 6852
460 1970
661 71
6453 1042
7315 4988
1679 866
4213 3458
7431 8308
4683 3401
3401 4748
7807 4614
7961 7616
6267 888
5551 4196
1611 1042
4529 9786
741 3581
2311 6820
3896 1328
6190 942
4491 1830
1927 5726
5988 6778
1742 5064
2979 2440
8419 8506
5354 7736
6752 374
2645 6326
1607 1840
1149 3549
6266 937
8020 6191
7316 2301
4625 4289
8523 478
2636 4785
4012 1331
2543 4066
6039 6481
9445 9658
7335 5715
8776 6695
9513 6900
5726 2353
7696 3756
8686 9965
4447 727
2534 6143
5733 8298
79 355
1034 2700
1878 4544
9910 9415
5334 4735
449 4023
9065 8667
886 9393
1837 1101
7332 1355
3533 5358
5468 7151
7634 2309
7105 2871
5068 9432
7801 3105
4412 1008
8144 5066
9742 8770
2178 6075
4149 6241
9442 3666
8672 1362
5654 3657
6085 4756
8731 7217
7734 9746
447 935
7602 8376
1519 5248
6889 3354
2347 9299
7735 3410
6392 607
5043 3206
3059 4171
6824 130
905 2190
2364 9900
5778 7879
951 4786
3368 432
7883 6422
1747 2477
8395 6435
3269 6856
8915 436
1448 5969
5013 8965
9367 8010
7547 5663
9480 6239
1592 7010
2478 7786
9570 3517
7144 9744
1872 1178
1232 6834
4636 3479
7608 4878
8516 3988
1727 7059
1723 7107
585 5994
1965 960
2587 1928
9738 207
6836 4910
2129 6419
8121 3696
4470 6029
1975 8203
7662 1061
7417 2453
8525 6027
3096 6392
5504 5364
1423 7973
2504 6337
8400 6508
6172 3666
9654 3366
7759 68
8911 2257
2274 8220
6667 1029
7031 3953
5741 8713
9455 6149
2431 8981
3014 3038
7614 6604
1164 6810
3296 7180
7062 5328
492 9651
6892 2692
2553 2791
8810 3597
5196 2056
1399 7597
1885 7463
7890 2873
1310 5444
8259 7304
2362 1130
5918 3084
4335 5049
3889 1255
922 7555
8378 3077
3847 1932
6151 200
7381 2964
6061 1456
439 9420
1492 7536
4991 7573
3755 6418
9085 1837
3942 8069
7542 577
2062 46
800 1252
4139 159
4469 123
6269 9437
8235 656
905 4437
6670 8716
6143 6872
2978 8452
9448 3605
5484 4813
1095 423
747 5604
4095 7919
2330 6119
9173 5081
5268 633
6205 8127
9209 2132
7652 6557
3026 7417
957 4851
7191 7251
731 1943
2062 7252
6612 4447
2590 4649
3043 4464
9519 6122
4161 104
9138 1326
4452 9320
8199 4214
4367 3345
2578 7676
6384 2068
4170 1110
9684 7214
5197 833
3298 8240
5806 5236
3156 7936
5329 2575
4029 1283
5014 3960
681 4157
3368 5167
5037 3543
3271 4996
5709 6373
2289 3871
9292 854
1382 5134
9492 2438
4509 171
902 2538
8900 5671
5470 4891
1476 6992
9060 9363
415 5079
5354 7196
9108 7319
4842 6346
1394 1845
922 40
5307 5915
9765 7942
38 9945
723 5191
7604 1803
6145 594
609 7667
5319 3530
7594 8290
1736 9552
4032 2586
7204 4047
4388 6916
9958 3548
8438 9414
4256 4649
4174 3200
7935 6984
4029 6992
7984 7123
949 8628
8377 1703
6634 223
2039 8389
1724 3795
5688 4560
7178 350
8350 5406
4144 9439
1261 1311
1072 2943
3330 4096
3733 685
1764 8930
9372 2124
415 9750
4819 9479
2123 5512
7841 3956
6910 9063
7818 8375
8756 6016
4736 4718
1216 7296
7884 4128
6929 8932
9077 2306
5398 2622
8650 5616
2584 3066
5793 4054
1266 5185
8756 4331
5600 6405
206 4903
4984 9263
6666 8423
4843 2588
7244 16
9445 9364
4139 1498
32 8646
6330 4636
1414 7365
3457 8719
7000 7239
8062 7665
9303 2500
2684 8270
5139 4446
4368 139
6202 1877
6448 6246
4021 6038
8832 2371
8570 4738
444 5449
223 1963
4852 1285
3491 6488
2341 845
8557 2126
4691 6133
2168 7464
4302 7242
9124 2758
558 9900
7202 916
7629 4278
3298 5940
3425 1978
5222 6937
7415 224
1638 3936
1890 4593
6007 5424
5324 9074
7045 2789
5898 8891
8349 1817
829 4104
8859 6125
3241 2539
1666 2629
8267 6088
5653 74
1007 1770
7711 5748
1235 3601
5555 2387
996 2025
7656 6994
2432 5266
488 773
2234 7484
9982 4993
9915 1794
4183 4126
1917 9646
7460 2481
985 3021
7855 1192
7113 1601
1094 9856
6848 2615
4564 9564
7961 4336
3986 5224
3282 6447
8751 1953
8429 343
705 7401
1862 6816
6322 6171
982 2026
6133 395
2758 4222
773 4176
7502 901
8264 7222
8520 2443
1728 18
982 8078
9481 8982
9570 1750
5366 7294
8978 4880
8246 8768
4612 5263
172 1545
1361 5733
617 8582
1039 4150
5680 3437
6770 8293
9902 8769
6314 8260
1526 8456
8725 4649
6790 9946
1544 7287
2310 7473
9991 5319
2187 8058
7164 4503
4742 6545
8971 3505
22 58
9415 4323
5552 7951
3267 7698
5375 9316
1403 9672
9064 1008
8769 3888
2348 1073
5473 729
7891 2042
9727 7072
5621 5753
3112 1280
1926 718
9332 6332
3682 3239
5115 6671
499 161
2697 1666
9821 3213
9821 4531
8171 7819
6919 9167
5385 1253
1329 2137
2885 612
2623 8059
2745 6587
9581 5449
1682 5812
3486 4056
7283 852
2603 6500
8506 1954
9424 7787
917 2723
7607 7316
1839 6866
4892 7729
6102 4694
8787 6943
1879 9361
8595 7108
4451 356
5181 9668
7153 5150
131 9593
6054 8937
1970 4625
581 6541
3229 2452
3639 2561
6155 7900
9599 4575
150 5271
4122 238
4094 17
7348 5004
